# SSv2 clip ids that failed decord+OpenCV or were missing on disk.
# One id per line (written as failures are found). Use with:
#   python models/TSM/train.py --decode-blacklist <this file>
52
64
140
155
171
180
196
218
235
343
399
411
456
465
467
489
502
535
580
598
620
639
642
645
666
712
719
734
756
768
778
793
808
817
843
923
930
943
945
962
998
1005
1014
1015
1024
1034
1052
1053
1075
1078
1106
1153
1162
1164
1214
1216
1218
1223
1249
1250
1318
1324
1356
1385
1406
1461
1507
1535
1550
1570
1591
1595
1610
1624
1669
1679
1680
1702
1718
1721
1722
1745
1753
1765
1776
1779
1785
1801
1831
1858
1862
1865
1874
1876
1901
1918
1941
1953
1959
1980
2042
2112
2121
2140
2147
2159
2242
2261
2329
2341
2399
2400
2411
2434
2492
2499
2516
2532
2553
2579
2605
2611
2619
2622
2643
2702
2744
2754
2850
2877
2923
2948
2979
2983
2993
2997
3047
3068
3086
3156
3184
3191
3196
3197
3210
3215
3236
3277
3279
3341
3366
3369
3372
3391
3431
3437
3567
3615
3630
3658
3663
3699
3709
3732
3782
3785
3809
3814
3819
3872
3876
3884
3907
3911
3933
3948
3981
4002
4017
4022
4031
4070
4131
4142
4168
4197
4222
4234
4243
4245
4284
4321
4354
4362
4366
4368
4417
4418
4419
4441
4475
4486
4513
4535
4603
4665
4670
4676
4677
4716
4783
4861
4874
4889
4912
4921
4931
4973
5007
5032
5033
5041
5047
5075
5145
5182
5217
5223
5250
5258
5283
5297
5304
5307
5348
5384
5401
5410
5413
5432
5452
5491
5511
5517
5520
5523
5525
5538
5570
5594
5618
5622
5630
5647
5668
5674
5687
5691
5693
5717
5741
5743
5747
5771
5846
5883
5888
5927
5958
6014
6016
6029
6042
6054
6056
6059
6066
6067
6074
6091
6114
6128
6163
6165
6169
6180
6191
6195
6209
6220
6221
6232
6256
6263
6275
6288
6327
6367
6406
6416
6447
6468
6505
6506
6516
6564
6574
6583
6609
6627
6634
6663
6684
6700
6701
6732
6766
6793
6801
6803
6819
6876
6971
6990
7027
7029
7049
7126
7152
7176
7201
7211
7261
7275
7340
7366
7367
7377
7404
7426
7442
7447
7479
7491
7527
7539
7544
7552
7580
7582
7641
7653
7767
7770
7800
7807
7827
7838
7874
7941
8060
8071
8073
8078
8106
8120
8146
8164
8173
8192
8233
8234
8253
8261
8278
8284
8316
8368
8375
8389
8392
8407
8444
8475
8494
8523
8544
8550
8601
8668
8727
8744
8748
8749
8750
8760
8842
8931
8934
8946
8967
9013
9016
9050
9059
9095
9147
9158
9169
9174
9176
9177
9236
9253
9286
9381
9400
9433
9482
9487
9489
9516
9531
9532
9539
9597
9645
9679
9683
9697
9733
9805
9811
9820
9859
9865
9899
9913
9935
9940
9950
9958
10054
10086
10127
10161
10168
10171
10185
10189
10194
10235
10243
10286
10318
10369
10378
10390
10394
10427
10441
10448
10456
10463
10491
10492
10502
10511
10573
10587
10617
10643
10649
10669
10676
10721
10741
10752
10767
10772
10824
10847
10883
10902
10915
10916
10958
11016
11038
11040
11081
11093
11094
11118
11128
11131
11156
11165
11171
11195
11215
11225
11275
11276
11283
11286
11291
11303
11350
11351
11364
11375
11407
11454
11475
11505
11547
11573
11631
11680
11685
11704
11716
11730
11734
11759
11816
11834
11842
11849
11854
11895
11928
11936
12037
12056
12077
12084
12097
12107
12140
12147
12150
12169
12209
12222
12258
12344
12361
12377
12515
12526
12570
12583
12601
12606
12638
12655
12657
12692
12702
12766
12778
12789
12793
12805
12810
12815
12818
12832
12836
12839
12842
12857
12889
12943
12955
12957
12973
13025
13027
13058
13063
13086
13108
13195
13199
13226
13292
13307
13313
13329
13348
13395
13411
13412
13452
13463
13468
13483
13491
13521
13548
13551
13558
13593
13604
13621
13635
13645
13646
13657
13671
13693
13708
13723
13730
13741
13748
13766
13769
13795
13816
13842
13847
13856
13869
13947
13973
13992
14057
14090
14103
14107
14162
14219
14224
14272
14284
14307
14308
14327
14331
14333
14365
14371
14455
14466
14528
14542
14545
14586
14593
14669
14671
14704
14719
14722
14724
14741
14745
14764
14777
14791
14806
14864
14876
14921
14953
14957
14965
14966
14975
14994
15002
15046
15052
15066
15085
15124
15137
15152
15156
15228
15245
15263
15270
15284
15288
15303
15338
15367
15380
15398
15415
15425
15446
15463
15466
15468
15501
15509
15534
15542
15572
15624
15720
15767
15770
15795
15796
15798
15903
15956
15998
16032
16055
16060
16104
16125
16126
16146
16148
16176
16186
16224
16247
16258
16387
16396
16419
16431
16441
16447
16448
16455
16496
16543
16546
16559
16578
16592
16647
16653
16702
16708
16746
16773
16838
16864
16867
16874
16917
16945
16963
17020
17024
17034
17094
17265
17310
17314
17317
17319
17325
17333
17365
17405
17408
17424
17455
17467
17500
17524
17546
17606
17619
17755
17767
17769
17775
17790
17800
17821
17869
17894
17905
17944
17945
17974
18002
18023
18026
18082
18131
18143
18185
18201
18207
18211
18236
18243
18244
18255
18262
18282
18301
18310
18322
18331
18401
18405
18437
18460
18473
18476
18549
18569
18652
18663
18690
18719
18777
18784
18785
18915
18973
19020
19026
19036
19038
19060
19093
19104
19184
19227
19249
19250
19291
19353
19413
19447
19451
19470
19510
19548
19629
19641
19649
19658
19669
19721
19755
19792
19827
19837
19845
19856
19907
19924
19928
19937
19973
19992
20018
20019
20054
20058
20125
20148
20171
20212
20253
20281
20318
20344
20349
20408
20414
20431
20452
20457
20461
20481
20494
20535
20563
20568
20618
20652
20667
20696
20778
20794
20925
20963
20968
21008
21009
21044
21048
21087
21101
21108
21130
21144
21146
21170
21185
21195
21204
21219
21224
21229
21266
21311
21336
21346
21352
21401
21437
21464
21502
21518
21541
21622
21628
21660
21663
21719
21726
21727
21780
21782
21807
21815
21828
21909
21915
21922
21942
21965
22021
22029
22065
22126
22151
22247
22262
22327
22353
22386
22389
22395
22398
22414
22437
22519
22538
22540
22559
22575
22600
22620
22623
22637
22695
22744
22745
22787
22799
22824
22842
22851
22909
22920
23021
23045
23067
23077
23080
23084
23241
23243
23253
23273
23277
23299
23321
23329
23338
23381
23393
23427
23433
23463
23482
23513
23560
23599
23603
23615
23620
23623
23643
23650
23726
23737
23751
23803
23832
23865
23904
23913
23997
24019
24074
24103
24110
24127
24152
24155
24161
24286
24324
24337
24338
24353
24373
24389
24409
24414
24419
24424
24475
24487
24519
24592
24601
24603
24645
24646
24657
24680
24724
24731
24735
24758
24769
24782
24784
24794
24819
24826
24881
24897
24918
24932
24958
25002
25010
25045
25053
25081
25084
25095
25131
25144
25146
25254
25275
25290
25346
25363
25373
25380
25384
25392
25419
25436
25457
25472
25489
25564
25601
25621
25716
25723
25761
25764
25784
25796
25829
25861
25883
25896
25902
25918
25947
25958
25981
26004
26030
26056
26068
26091
26124
26133
26152
26207
26227
26313
26315
26350
26372
26382
26391
26413
26446
26531
26552
26559
26579
26602
26611
26660
26690
26695
26708
26715
26754
26777
26806
26815
26832
26860
26880
26887
26904
26908
26909
26921
26922
26962
26985
27064
27079
27080
27090
27115
27160
27183
27196
27229
27269
27306
27314
27334
27335
27347
27367
27368
27385
27395
27405
27421
27454
27479
27489
27497
27524
27572
27656
27660
27661
27663
27678
27721
27822
27823
27883
27896
27965
28011
28048
28057
28062
28066
28075
28085
28121
28125
28129
28135
28145
28151
28172
28200
28219
28222
28230
28281
28282
28348
28361
28398
28404
28405
28421
28425
28434
28446
28448
28453
28525
28598
28615
28753
28759
28764
28825
28826
28828
28831
28844
28851
28868
28877
28917
28940
28957
28961
28969
28974
28989
29022
29087
29105
29120
29136
29177
29180
29189
29217
29255
29287
29316
29322
29340
29371
29382
29398
29414
29437
29461
29474
29487
29498
29522
29542
29556
29585
29607
29637
29683
29754
29773
29778
29791
29795
29808
29809
29835
29871
29905
29928
29931
29936
29947
29950
29968
30023
30025
30067
30072
30116
30129
30132
30135
30139
30142
30170
30193
30200
30223
30230
30262
30263
30266
30274
30279
30331
30332
30341
30356
30396
30406
30443
30455
30458
30461
30472
30492
30496
30536
30590
30624
30630
30649
30754
30755
30794
30841
30909
30914
30927
30932
30982
31016
31028
31042
31050
31072
31078
31089
31094
31112
31148
31181
31218
31253
31293
31308
31345
31358
31419
31433
31461
31466
31513
31601
31605
31660
31668
31717
31718
31750
31751
31762
31768
31785
31793
31804
31805
31816
31819
31837
31852
31865
31875
31923
31957
31969
31997
32037
32071
32126
32161
32184
32209
32268
32314
32319
32337
32347
32374
32397
32446
32452
32463
32475
32516
32527
32539
32544
32545
32566
32587
32672
32723
32733
32750
32800
32834
32897
32904
32910
32928
32996
33000
33018
33046
33068
33074
33100
33105
33137
33143
33147
33187
33190
33192
33237
33253
33296
33297
33306
33309
33339
33373
33378
33387
33388
33427
33430
33431
33438
33459
33525
33536
33579
33590
33597
33603
33628
33637
33652
33656
33717
33737
33754
33759
33812
33832
33848
33886
33950
33952
33972
33991
33992
33998
34047
34056
34080
34108
34115
34141
34150
34191
34192
34225
34236
34295
34298
34306
34307
34335
34343
34347
34348
34418
34467
34523
34528
34565
34589
34594
34605
34609
34615
34659
34711
34715
34736
34741
34755
34775
34780
34812
34849
34860
34889
34890
34944
34957
34958
34967
34971
34974
34976
35010
35050
35075
35084
35104
35119
35139
35153
35177
35213
35227
35265
35272
35301
35362
35370
35411
35446
35498
35517
35530
35542
35559
35594
35634
35660
35698
35719
35760
35777
35783
35820
35825
35835
35846
35862
35894
35925
35942
35986
36072
36084
36092
36119
36163
36186
36232
36245
36321
36336
36343
36350
36391
36406
36422
36423
36426
36442
36443
36466
36500
36509
36514
36528
36536
36607
36608
36623
36626
36678
36730
36747
36789
36796
36857
36925
36999
37031
37032
37055
37057
37076
37093
37098
37128
37130
37134
37202
37212
37245
37280
37300
37306
37311
37374
37433
37560
37592
37615
37634
37685
37695
37704
37728
37760
37761
37796
37839
37842
37852
37893
37913
37921
37923
37972
37978
38003
38032
38050
38051
38064
38070
38082
38115
38131
38134
38148
38153
38161
38177
38201
38202
38208
38221
38246
38254
38281
38283
38303
38312
38323
38337
38346
38361
38379
38393
38396
38413
38426
38486
38515
38527
38548
38557
38566
38596
38606
38607
38609
38669
38677
38681
38703
38747
38776
38800
38815
38817
38838
38849
38867
38929
38982
38983
38992
39020
39067
39069
39107
39120
39122
39145
39196
39199
39208
39276
39306
39308
39338
39351
39379
39380
39390
39406
39444
39459
39486
39499
39526
39530
39538
39548
39574
39626
39635
39700
39711
39728
39758
39774
39790
39880
39885
39888
40010
40018
40093
40114
40123
40185
40199
40211
40223
40246
40274
40310
40333
40358
40359
40384
40402
40469
40482
40487
40493
40540
40541
40542
40553
40565
40587
40592
40601
40629
40640
40648
40649
40689
40734
40756
40797
40809
40823
40830
40837
40844
40845
40856
40870
40877
40882
40934
40987
40998
41014
41036
41046
41054
41074
41093
41096
41114
41172
41184
41228
41258
41281
41307
41322
41403
41503
41531
41565
41588
41629
41652
41675
41692
41722
41728
41730
41777
41846
41869
41873
41902
41916
41987
41995
42009
42017
42037
42051
42067
42088
42108
42130
42160
42201
42211
42224
42266
42284
42317
42320
42333
42362
42383
42391
42412
42462
42467
42476
42526
42530
42534
42538
42546
42638
42682
42692
42695
42744
42745
42755
42820
42847
42848
42902
42940
42947
42955
42979
42991
43016
43081
43083
43130
43144
43179
43184
43191
43213
43243
43313
43329
43334
43339
43392
43432
43485
43517
43537
43548
43553
43554
43568
43602
43663
43687
43699
43745
43755
43795
43820
43829
43857
43863
43914
43918
43967
44015
44032
44046
44083
44096
44105
44115
44125
44132
44133
44134
44150
44207
44229
44258
44259
44308
44312
44340
44370
44442
44453
44462
44517
44533
44535
44541
44551
44558
44585
44617
44660
44684
44697
44746
44752
44761
44807
44856
44863
44878
44882
44896
44905
44922
44925
44948
44951
45005
45007
45024
45051
45059
45063
45071
45109
45121
45196
45198
45244
45251
45261
45308
45343
45415
45503
45509
45533
45553
45562
45572
45605
45607
45663
45709
45712
45720
45725
45741
45747
45770
45780
45806
45861
45894
45941
45977
46033
46073
46110
46137
46160
46168
46174
46223
46229
46254
46296
46306
46307
46311
46318
46322
46339
46379
46391
46392
46433
46435
46444
46447
46448
46505
46508
46509
46515
46537
46596
46605
46609
46637
46656
46688
46697
46704
46726
46734
46738
46740
46751
46759
46766
46786
46790
46796
46831
46842
46868
46987
46997
47002
47009
47020
47030
47071
47096
47106
47111
47131
47149
47158
47210
47230
47238
47264
47265
47286
47289
47322
47346
47381
47385
47386
47401
47427
47438
47447
47456
47465
47512
47546
47553
47607
47613
47627
47660
47718
47730
47735
47749
47788
47848
47891
47949
47957
47960
47990
48025
48048
48070
48080
48116
48117
48150
48160
48187
48191
48196
48221
48222
48263
48270
48288
48352
48355
48372
48374
48439
48456
48496
48522
48523
48538
48575
48607
48634
48652
48667
48699
48703
48746
48810
48822
48836
48934
48954
48985
49016
49024
49095
49110
49113
49123
49160
49188
49197
49286
49287
49288
49316
49321
49328
49354
49376
49385
49428
49457
49486
49488
49528
49546
49549
49582
49590
49609
49632
49709
49723
49749
49769
49780
49791
49799
49834
49835
49836
49854
49885
49901
49907
49908
49912
49926
49931
49955
49990
49997
50012
50057
50074
50106
50107
50114
50119
50133
50177
50183
50199
50225
50245
50261
50262
50270
50272
50280
50289
50291
50306
50309
50310
50352
50354
50360
50382
50385
50421
50429
50453
50463
50474
50478
50484
50488
50495
50511
50520
50559
50562
50567
50743
50753
50776
50810
50840
50940
50983
51054
51087
51096
51129
51132
51194
51205
51206
51235
51238
51283
51288
51297
51324
51337
51369
51406
51424
51478
51508
51518
51520
51544
51558
51574
51585
51612
51617
51638
51657
51708
51715
51752
51763
51765
51863
51980
52000
52026
52085
52091
52111
52230
52233
52244
52245
52266
52277
52283
52325
52335
52370
52475
52484
52485
52500
52513
52516
52526
52565
52568
52572
52574
52583
52623
52624
52658
52666
52689
52711
52741
52745
52771
52788
52797
52822
52854
52877
52894
52902
52913
52976
53012
53015
53062
53081
53091
53103
53109
53120
53127
53143
53166
53186
53207
53208
53251
53273
53324
53335
53368
53372
53395
53399
53414
53486
53501
53506
53518
53547
53564
53577
53581
53588
53590
53620
53625
53626
53630
53649
53665
53667
53674
53723
53733
53738
53771
53773
53787
53795
53812
53865
53906
53921
53929
53931
53966
53981
53984
54065
54089
54098
54145
54162
54228
54229
54256
54271
54293
54299
54311
54336
54342
54354
54410
54433
54454
54521
54535
54614
54617
54721
54726
54751
54759
54767
54768
54828
54833
54851
54873
54909
54920
54935
54951
55001
55025
55045
55126
55172
55202
55210
55231
55232
55238
55261
55285
55287
55296
55363
55365
55378
55387
55422
55423
55454
55465
55467
55470
55474
55492
55536
55554
55563
55625
55648
55654
55665
55670
55700
55746
55797
55801
55807
55848
55849
55858
55894
55909
55975
55997
56000
56015
56024
56049
56095
56110
56111
56140
56153
56156
56158
56161
56176
56191
56206
56213
56226
56274
56291
56311
56320
56323
56349
56376
56397
56418
56449
56460
56465
56495
56513
56527
56532
56542
56547
56583
56601
56630
56632
56635
56664
56667
56703
56713
56729
56755
56770
56824
56842
56898
56935
56944
56947
56979
56993
56995
56997
57070
57103
57112
57113
57117
57118
57131
57135
57169
57170
57178
57181
57188
57227
57233
57257
57305
57307
57329
57337
57348
57384
57415
57476
57481
57501
57534
57576
57581
57582
57585
57625
57633
57663
57704
57758
57767
57769
57890
57937
57951
58008
58014
58028
58053
58080
58094
58125
58146
58149
58190
58192
58207
58210
58225
58270
58292
58302
58326
58347
58364
58403
58429
58481
58555
58559
58584
58588
58626
58635
58666
58678
58741
58743
58751
58754
58760
58817
58819
58850
58856
58878
58904
58907
58908
58935
58949
58966
59013
59077
59096
59106
59107
59113
59115
59116
59148
59159
59183
59188
59194
59195
59217
59255
59278
59299
59312
59332
59339
59361
59392
59416
59453
59469
59472
59481
59564
59578
59588
59598
59626
59668
59681
59691
59721
59725
59747
59770
59798
59816
59830
59871
59883
59990
60004
60013
60016
60066
60067
60081
60087
60098
60102
60106
60159
60183
60234
60250
60253
60263
60271
60277
60288
60314
60329
60334
60371
60390
60405
60477
60491
60502
60528
60534
60589
60635
60656
60661
60701
60708
60719
60726
60739
60766
60816
60839
60840
60842
60858
60900
60906
60911
60923
60933
60935
60969
61084
61091
61103
61106
61121
61138
61165
61167
61249
61262
61303
61329
61343
61347
61371
61396
61403
61423
61513
61528
61607
61614
61629
61664
61690
61694
61700
61702
61731
61733
61789
61882
61899
61910
61917
61939
62004
62012
62016
62021
62034
62037
62053
62070
62082
62086
62103
62117
62121
62133
62137
62158
62182
62223
62237
62239
62278
62280
62289
62290
62312
62326
62350
62390
62391
62392
62415
62417
62427
62438
62446
62449
62456
62464
62507
62509
62587
62618
62647
62689
62725
62734
62775
62781
62790
62810
62814
62827
62833
62839
62841
62852
62878
62887
62889
62912
62916
62917
62961
62974
62998
63024
63036
63073
63076
63099
63106
63110
63119
63120
63125
63145
63152
63163
63189
63211
63220
63239
63243
63245
63270
63276
63289
63301
63361
63381
63398
63464
63472
63474
63488
63500
63507
63537
63572
63591
63600
63624
63627
63639
63661
63681
63682
63733
63762
63839
63853
63917
63937
63938
63947
63951
63954
63974
63980
63982
63997
64027
64041
64054
64096
64107
64147
64155
64190
64210
64296
64309
64319
64400
64407
64410
64423
64451
64457
64463
64513
64534
64582
64589
64592
64595
64616
64660
64667
64724
64732
64807
64860
64863
64898
64965
64994
65018
65069
65078
65080
65147
65148
65177
65210
65212
65237
65299
65310
65357
65362
65407
65418
65434
65441
65453
65473
65501
65505
65523
65562
65568
65604
65631
65641
65755
65768
65823
65835
65846
65861
65874
65916
66003
66019
66026
66034
66079
66098
66120
66202
66221
66226
66237
66259
66260
66264
66269
66280
66305
66324
66326
66364
66411
66468
66475
66498
66570
66578
66583
66589
66596
66622
66637
66659
66661
66670
66701
66709
66736
66742
66778
66779
66838
66853
66872
66874
66883
66897
66917
66918
66924
66933
66957
66997
67004
67007
67010
67011
67027
67067
67068
67094
67111
67123
67141
67280
67290
67337
67351
67358
67363
67365
67442
67469
67484
67485
67535
67545
67563
67569
67604
67617
67652
67659
67675
67707
67709
67728
67734
67755
67762
67764
67775
67794
67821
67826
67863
67881
67897
67911
67924
67929
67934
67953
67954
67961
68034
68054
68086
68097
68138
68152
68243
68251
68272
68304
68333
68413
68415
68419
68428
68436
68474
68479
68542
68569
68575
68608
68637
68658
68669
68709
68727
68732
68772
68775
68778
68793
68796
68845
68865
68876
68946
69006
69015
69070
69102
69108
69172
69179
69185
69215
69222
69223
69231
69278
69292
69308
69316
69322
69354
69360
69407
69430
69463
69467
69471
69573
69575
69595
69612
69628
69637
69668
69685
69696
69751
69818
69833
69845
69943
69957
69964
70051
70058
70062
70087
70097
70102
70104
70146
70213
70216
70273
70315
70483
70514
70517
70538
70568
70586
70591
70594
70610
70611
70683
70694
70701
70722
70739
70768
70778
70792
70808
70820
70842
70874
70888
70893
70894
70917
70941
70952
71030
71065
71075
71136
71175
71301
71310
71320
71342
71344
71347
71359
71375
71388
71396
71429
71433
71448
71479
71483
71513
71517
71553
71573
71585
71593
71636
71671
71689
71693
71708
71763
71771
71783
71787
71811
71826
71830
71859
71891
71896
71898
71911
71918
71927
71929
71956
71974
71989
72017
72023
72127
72144
72147
72182
72217
72233
72236
72294
72297
72339
72345
72401
72418
72439
72454
72492
72496
72517
72538
72553
72573
72593
72611
72621
72629
72635
72676
72726
72750
72752
72791
72797
72804
72824
72827
72844
72872
72877
72890
72909
72923
73019
73048
73063
73092
73094
73150
73189
73225
73227
73232
73246
73249
73265
73274
73285
73296
73300
73327
73383
73384
73394
73419
73450
73455
73464
73482
73496
73542
73548
73580
73623
73659
73664
73666
73716
73722
73805
73819
73832
73861
73900
73916
73934
73965
73988
74000
74004
74012
74015
74029
74057
74094
74095
74096
74120
74169
74184
74185
74198
74200
74201
74251
74272
74279
74282
74285
74298
74313
74334
74370
74386
74387
74405
74436
74456
74476
74479
74494
74517
74535
74550
74567
74578
74593
74602
74617
74631
74632
74655
74677
74694
74712
74745
74750
74805
74807
74845
74920
74935
74938
74939
74948
74958
75000
75011
75026
75037
75061
75072
75076
75085
75129
75150
75159
75161
75171
75206
75215
75223
75224
75237
75246
75258
75284
75290
75316
75351
75370
75380
75398
75419
75446
75451
75480
75481
75520
75521
75533
75539
75551
75574
75591
75651
75671
75679
75690
75700
75722
75789
75796
75801
75821
75835
75836
75842
75902
75908
75911
75963
75965
75978
76009
76058
76085
76087
76088
76100
76108
76142
76161
76174
76193
76196
76209
76231
76244
76278
76286
76297
76312
76329
76338
76349
76366
76403
76418
76443
76449
76453
76461
76469
76476
76480
76492
76494
76552
76563
76564
76571
76577
76591
76616
76623
76651
76684
76691
76695
76717
76723
76753
76766
76780
76782
76794
76799
76810
76835
76855
76883
76893
76904
76920
76926
76990
76997
77025
77052
77067
77163
77183
77279
77299
77335
77393
77435
77445
77450
77457
77472
77473
77485
77501
77506
77531
77533
77543
77583
77608
77627
77653
77686
77711
77742
77754
77761
77772
77780
77784
77787
77841
77843
77858
77862
77894
77956
77967
78008
78011
78013
78040
78041
78052
78068
78072
78124
78148
78151
78158
78162
78187
78195
78196
78197
78220
78222
78233
78253
78262
78269
78292
78347
78395
78414
78460
78478
78565
78578
78584
78588
78610
78694
78702
78712
78717
78718
78738
78773
78774
78834
78839
78882
78906
78932
78946
78991
79012
79019
79020
79023
79039
79055
79087
79113
79133
79173
79177
79187
79231
79238
79240
79244
79341
79384
79385
79432
79440
79451
79454
79459
79465
79476
79492
79496
79510
79539
79604
79630
79639
79645
79697
79698
79714
79735
79744
79752
79762
79788
79803
79809
79824
79865
79872
79904
79917
79924
79927
79967
80014
80024
80058
80072
80076
80127
80149
80197
80201
80205
80221
80222
80295
80302
80305
80337
80338
80403
80404
80461
80471
80477
80516
80524
80545
80555
80576
80585
80612
80621
80634
80753
80796
80799
80852
80915
80948
80976
80999
81029
81059
81068
81070
81085
81093
81156
81167
81189
81194
81228
81231
81234
81249
81254
81288
81307
81364
81407
81409
81421
81444
81536
81565
81566
81613
81617
81674
81710
81743
81746
81758
81802
81818
81874
81876
81889
81902
81903
81904
81912
81938
81966
81985
82003
82031
82032
82093
82097
82103
82120
82131
82162
82200
82307
82318
82335
82405
82416
82422
82437
82448
82505
82585
82593
82620
82645
82657
82667
82668
82669
82692
82725
82726
82734
82749
82750
82754
82767
82828
82846
82881
82887
82890
82898
82920
82931
82982
82984
83034
83049
83069
83089
83100
83137
83172
83173
83190
83204
83214
83225
83235
83266
83318
83341
83379
83428
83446
83457
83458
83501
83534
83545
83591
83610
83611
83627
83681
83730
83753
83796
83811
83816
83822
83826
83837
83859
83861
83871
83888
83896
83930
83959
83967
84011
84070
84098
84114
84126
84140
84147
84173
84174
84241
84292
84293
84303
84309
84321
84361
84414
84415
84432
84437
84453
84457
84458
84511
84518
84526
84580
84596
84611
84634
84638
84659
84695
84697
84700
84715
84737
84748
84768
84808
84845
84862
84868
84881
84895
84904
84923
84936
84941
85002
85023
85037
85070
85080
85120
85129
85139
85187
85204
85214
85353
85378
85379
85382
85400
85447
85468
85523
85535
85623
85671
85685
85709
85732
85749
85761
85773
85775
85811
85844
85873
85877
85911
85960
85969
86000
86014
86020
86035
86041
86048
86054
86084
86085
86179
86194
86216
86330
86381
86389
86403
86432
86438
86445
86517
86533
86544
86577
86615
86620
86631
86647
86674
86679
86691
86692
86750
86774
86829
86860
86863
86901
86907
86923
86924
86936
86940
86949
86955
86981
86998
87035
87039
87050
87070
87102
87119
87126
87149
87165
87178
87183
87196
87231
87246
87266
87274
87294
87304
87343
87356
87370
87375
87384
87391
87438
87442
87443
87462
87468
87469
87504
87511
87527
87533
87549
87559
87574
87589
87599
87602
87609
87624
87638
87659
87672
87701
87724
87784
87792
87799
87829
87847
87918
87929
87944
87945
87956
87981
88032
88053
88054
88080
88084
88090
88138
88155
88169
88220
88258
88386
88399
88403
88445
88455
88474
88529
88544
88552
88563
88571
88575
88591
88621
88635
88773
88790
88837
88915
89003
89004
89010
89074
89086
89087
89102
89160
89211
89224
89257
89260
89263
89273
89290
89294
89298
89337
89372
89393
89409
89468
89483
89485
89492
89498
89512
89523
89546
89564
89572
89611
89623
89624
89626
89628
89631
89640
89664
89679
89686
89696
89702
89708
89718
89744
89788
89799
89832
89847
89849
89895
89905
89915
89917
89939
89968
89978
90005
90009
90020
90030
90036
90040
90065
90105
90118
90135
90151
90157
90184
90189
90201
90215
90222
90285
90348
90369
90448
90458
90482
90485
90487
90496
90554
90569
90572
90644
90658
90682
90709
90717
90760
90794
90816
90834
90858
90910
90944
90979
90991
91087
91151
91154
91184
91197
91224
91237
91276
91297
91298
91304
91366
91420
91425
91429
91465
91537
91550
91609
91619
91631
91678
91708
91768
91790
91792
91851
91882
92001
92005
92054
92084
92093
92101
92143
92190
92192
92211
92221
92236
92242
92250
92256
92267
92278
92298
92301
92313
92333
92343
92344
92345
92351
92353
92395
92409
92523
92576
92580
92587
92605
92606
92613
92650
92664
92670
92671
92675
92678
92697
92698
92725
92738
92742
92764
92807
92826
92829
92867
92878
92903
92912
92979
92995
93027
93051
93066
93067
93119
93135
93140
93170
93173
93199
93235
93240
93266
93269
93285
93322
93351
93362
93369
93417
93418
93478
93491
93513
93515
93545
93552
93622
93624
93662
93708
93710
93724
93731
93801
93806
93810
93821
93848
93875
93886
93894
93908
93957
93959
93974
93991
94001
94010
94020
94085
94146
94158
94212
94244
94251
94285
94295
94302
94354
94355
94385
94400
94407
94527
94585
94592
94621
94622
94672
94724
94737
94767
94778
94838
94839
94849
94852
94865
94880
94912
94927
94987
95012
95059
95166
95181
95184
95189
95204
95205
95218
95256
95381
95398
95410
95427
95474
95491
95521
95526
95531
95552
95570
95601
95606
95691
95703
95720
95758
95780
95791
95800
95806
95822
95824
95837
95840
95852
95868
95878
95901
95910
95914
95922
95963
95988
96002
96017
96041
96047
96078
96082
96093
96095
96105
96109
96117
96166
96177
96207
96215
96216
96217
96256
96258
96271
96305
96320
96368
96370
96371
96372
96378
96381
96404
96429
96440
96444
96467
96468
96491
96520
96548
96557
96560
96566
96587
96612
96642
96659
96669
96727
96736
96765
96828
96908
96932
96946
96961
96968
96993
96996
97017
97025
97034
97045
97070
97197
97276
97281
97306
97328
97334
97336
97370
97381
97389
97408
97450
97459
97479
97485
97537
97542
97553
97570
97575
97589
97602
97611
97615
97617
97620
97647
97657
97673
97729
97788
97812
97841
97864
97870
97896
97904
97911
97921
97926
97966
97969
97992
98007
98031
98035
98040
98052
98097
98140
98149
98152
98173
98228
98251
98270
98275
98310
98328
98395
98444
98447
98465
98541
98581
98608
98651
98661
98672
98681
98712
98736
98745
98756
98794
98831
98886
98925
98937
98956
98961
98969
98988
99011
99021
99050
99060
99077
99093
99106
99119
99139
99206
99224
99230
99244
99257
99267
99276
99338
99351
99354
99373
99377
99382
99442
99467
99470
99479
99540
99608
99630
99632
99644
99668
99719
99735
99771
99778
99809
99810
99820
99824
99842
99856
99912
99933
99936
99943
99952
99967
99971
100075
100115
100119
100156
100174
100187
100195
100202
100207
100264
100298
100339
100357
100363
100376
100388
100406
100413
100419
100422
100434
100456
100470
100476
100479
100525
100551
100563
100586
100608
100628
100678
100681
100689
100697
100748
100767
100817
100862
100865
100920
100926
101006
101109
101112
101139
101150
101166
101167
101174
101191
101255
101270
101289
101298
101304
101322
101324
101367
101418
101419
101420
101499
101508
101522
101539
101567
101573
101592
101598
101614
101639
101695
101706
101717
101721
101774
101793
101893
101905
102013
102046
102077
102083
102095
102123
102132
102153
102200
102216
102242
102282
102283
102296
102298
102337
102380
102397
102400
102436
102453
102477
102480
102523
102558
102593
102664
102686
102743
102790
102834
102842
102887
102892
102912
102921
102928
102944
102984
103017
103018
103053
103098
103108
103123
103152
103161
103168
103189
103190
103199
103214
103215
103256
103301
103359
103362
103375
103386
103426
103454
103502
103546
103601
103696
103721
103729
103744
103757
103768
103797
103827
103844
103848
103875
103880
103909
103987
103992
104009
104082
104090
104119
104125
104150
104178
104181
104186
104196
104201
104267
104289
104321
104338
104369
104380
104417
104424
104435
104448
104472
104480
104542
104603
104615
104620
104622
104650
104664
104718
104725
104756
104781
104788
104836
104904
104913
104926
104940
104956
104991
105049
105052
105061
105089
105114
105125
105199
105235
105300
105336
105360
105361
105376
105439
105450
105523
105573
105599
105626
105661
105679
105723
105786
105788
105796
105800
105902
105960
106010
106033
106089
106142
106147
106151
106178
106222
106238
106278
106279
106292
106305
106329
106381
106422
106426
106436
106461
106501
106504
106517
106534
106539
106560
106567
106576
106644
106656
106723
106733
106758
106814
106863
106868
106876
106881
106891
106915
106947
107001
107042
107044
107063
107070
107127
107140
107144
107149
107170
107172
107245
107263
107281
107284
107296
107329
107347
107380
107398
107457
107508
107523
107547
107555
107574
107581
107601
107649
107659
107694
107720
107741
107772
107782
107804
107811
107812
107860
107879
107883
107924
107969
107972
107976
108003
108045
108060
108098
108121
108152
108155
108181
108271
108318
108327
108383
108393
108407
108412
108465
108467
108508
108523
108600
108605
108611
108616
108617
108623
108634
108638
108639
108774
108803
108814
108852
108887
108891
108903
108951
109008
109022
109030
109038
109080
109089
109166
109173
109242
109258
109275
109277
109287
109299
109312
109313
109364
109389
109407
109411
109412
109431
109474
109493
109522
109531
109542
109564
109587
109594
109598
109606
109618
109641
109652
109653
109655
109658
109682
109712
109762
109773
109788
109800
109834
109837
109846
109863
109865
109870
109891
109906
109908
109918
109934
109993
110021
110060
110063
110096
110114
110167
110237
110252
110277
110286
110289
110298
110316
110333
110392
110468
110479
110526
110575
110578
110614
110631
110680
110694
110713
110749
110753
110783
110792
110885
110889
110935
110937
110941
110942
110977
110985
111053
111077
111114
111143
111144
111145
111156
111158
111180
111227
111235
111309
111315
111316
111355
111382
111416
111427
111452
111469
111484
111498
111580
111610
111616
111628
111641
111678
111723
111727
111730
111731
111742
111746
111762
111875
111895
111901
111952
111956
111958
111962
111971
111982
112012
112015
112093
112095
112098
112113
112124
112143
112187
112243
112252
112253
112256
112266
112318
112351
112364
112384
112403
112468
112474
112477
112491
112504
112527
112553
112554
112557
112626
112667
112672
112697
112705
112707
112802
112813
112822
112843
112844
112849
112863
112894
112930
112932
112940
112949
112951
112972
113030
113043
113059
113101
113148
113169
113178
113190
113191
113261
113277
113281
113292
113323
113334
113355
113373
113380
113429
113431
113465
113487
113490
113511
113528
113536
113579
113593
113623
113633
113634
113641
113672
113677
113681
113689
113691
113715
113738
113766
113782
113912
113915
113928
113944
113966
113970
113982
113990
113991
114004
114026
114027
114052
114059
114102
114116
114199
114231
114244
114251
114261
114276
114392
114393
114397
114398
114447
114469
114491
114564
114603
114604
114644
114645
114649
114650
114682
114708
114770
114816
114823
114843
114871
114880
114905
114952
114961
114966
114977
114987
114995
114998
115009
115046
115097
115140
115167
115168
115189
115204
115275
115295
115315
115366
115368
115380
115415
115431
115439
115453
115499
115523
115546
115550
115569
115572
115596
115608
115610
115636
115640
115661
115676
115688
115698
115710
115730
115743
115755
115798
115809
115840
115846
115866
115908
115916
115933
115944
115960
115979
116038
116046
116047
116081
116123
116128
116146
116192
116211
116266
116271
116306
116337
116361
116380
116435
116442
116457
116500
116537
116561
116562
116565
116576
116580
116629
116632
116666
116669
116709
116716
116747
116752
116760
116766
116773
116844
116849
116855
116886
116922
116959
117034
117039
117070
117079
117166
117178
117179
117189
117247
117291
117292
117309
117353
117355
117397
117422
117437
117461
117502
117505
117509
117523
117541
117542
117605
117661
117683
117717
117756
117764
117771
117793
117815
117818
117837
117844
117851
117868
117872
117893
117952
117956
117965
117980
117992
118019
118022
118025
118055
118073
118075
118093
118102
118169
118185
118222
118227
118233
118242
118251
118257
118290
118303
118314
118338
118364
118391
118446
118460
118466
118469
118479
118557
118564
118570
118571
118585
118611
118640
118654
118657
118662
118680
118685
118698
118701
118742
118746
118747
118752
118798
118809
118826
118839
118878
118900
118920
118953
118959
118979
118999
119007
119015
119019
119041
119055
119062
119075
119097
119109
119117
119179
119187
119211
119249
119290
119303
119318
119332
119336
119338
119355
119402
119432
119479
119498
119507
119521
119557
119620
119648
119658
119682
119728
119740
119747
119806
119825
119902
120118
120126
120132
120133
120149
120154
120156
120179
120184
120199
120213
120217
120235
120249
120252
120295
120331
120339
120345
120384
120387
120425
120442
120484
120513
120515
120525
120542
120549
120602
120624
120628
120646
120664
120697
120737
120744
120796
120800
120810
120812
120821
120826
120844
120885
120898
120967
120992
120994
121001
121003
121048
121063
121145
121192
121198
121299
121319
121344
121428
121446
121455
121477
121481
121506
121529
121560
121578
121579
121610
121624
121671
121684
121692
121724
121726
121745
121756
121769
121780
121792
121825
121832
121857
121861
121874
121896
121955
121988
122042
122044
122068
122072
122088
122109
122110
122132
122162
122210
122259
122283
122334
122403
122413
122421
122460
122461
122493
122606
122611
122654
122706
122721
122747
122788
122817
122882
122911
122929
122945
122950
122969
122970
122971
122982
122995
123002
123014
123022
123046
123054
123068
123108
123129
123146
123170
123182
123201
123212
123223
123226
123235
123280
123294
123338
123343
123389
123392
123521
123532
123533
123538
123569
123601
123616
123632
123637
123729
123750
123765
123796
123800
123809
123831
123870
123874
123912
123950
123964
123986
124025
124054
124067
124087
124119
124155
124169
124191
124209
124283
124302
124379
124381
124389
124405
124413
124417
124427
124440
124454
124460
124482
124507
124513
124534
124546
124552
124562
124567
124598
124654
124797
124814
124867
124876
124892
124894
124899
124908
124916
124954
124955
125013
125035
125065
125081
125088
125101
125102
125149
125203
125263
125284
125319
125330
125340
125362
125431
125443
125470
125473
125506
125508
125541
125542
125579
125637
125656
125664
125679
125726
125727
125740
125761
125788
125798
125806
125818
125866
125935
125984
125987
126017
126043
126061
126077
126111
126112
126142
126173
126284
126300
126306
126308
126318
126376
126388
126407
126410
126429
126434
126480
126489
126515
126626
126630
126658
126677
126691
126710
126740
126746
126760
126790
126798
126818
126848
126861
126876
126896
126914
126917
126945
126948
126950
126958
126961
126992
127000
127001
127015
127068
127077
127108
127146
127151
127173
127192
127196
127204
127207
127212
127220
127238
127246
127251
127261
127277
127331
127386
127393
127396
127471
127490
127510
127523
127526
127575
127582
127584
127647
127676
127828
127853
127916
127982
128023
128074
128096
128125
128156
128232
128240
128289
128294
128303
128335
128351
128359
128364
128374
128473
128481
128530
128555
128575
128588
128602
128629
128632
128646
128653
128691
128706
128735
128796
128812
128816
128820
128822
128827
128873
128895
128965
128974
129008
129016
129019
129050
129060
129089
129100
129105
129125
129134
129158
129162
129166
129171
129174
129194
129205
129214
129263
129288
129296
129345
129364
129422
129440
129453
129472
129486
129487
129504
129508
129513
129534
129535
129554
129589
129595
129601
129652
129660
129663
129677
129690
129710
129724
129727
129752
129768
129770
129782
129843
129859
129895
129906
129910
129913
129926
129945
129973
130026
130093
130113
130115
130135
130172
130216
130232
130283
130293
130330
130377
130392
130439
130448
130457
130505
130533
130539
130572
130613
130632
130634
130666
130727
130732
130740
130766
130769
130789
130798
130816
130828
130829
130847
130872
130876
130907
130934
130964
131011
131020
131051
131054
131056
131105
131126
131140
131182
131226
131236
131239
131241
131245
131247
131334
131349
131358
131393
131397
131433
131453
131466
131479
131496
131509
131534
131540
131541
131546
131574
131585
131601
131625
131642
131645
131683
131699
131776
131820
131827
131847
131869
131913
131953
131961
131990
132006
132011
132022
132033
132034
132056
132079
132088
132102
132112
132121
132165
132179
132243
132248
132252
132270
132349
132357
132358
132394
132447
132451
132469
132500
132502
132513
132521
132559
132567
132571
132585
132588
132603
132612
132622
132659
132677
132731
132736
132766
132806
132836
132849
132876
132885
132943
132960
132976
132987
132998
133074
133090
133100
133104
133121
133122
133136
133150
133165
133182
133185
133198
133220
133249
133252
133271
133286
133299
133317
133318
133327
133371
133377
133401
133409
133427
133468
133469
133486
133507
133544
133617
133623
133630
133632
133647
133653
133679
133682
133689
133708
133714
133718
133739
133741
133763
133766
133783
133807
133827
133837
133859
133861
133868
133894
133946
133985
134017
134028
134048
134082
134086
134118
134148
134156
134160
134184
134266
134283
134292
134326
134352
134359
134379
134385
134390
134391
134400
134450
134510
134528
134532
134544
134599
134632
134634
134652
134653
134673
134699
134748
134804
134813
134836
134848
134856
134859
134871
134874
134878
134887
134914
134993
134994
135001
135009
135016
135062
135064
135098
135102
135108
135132
135134
135136
135139
135173
135176
135204
135227
135235
135246
135313
135337
135414
135430
135528
135632
135635
135639
135659
135660
135681
135719
135823
135846
135863
135879
135946
135957
135965
135968
135999
136016
136025
136032
136067
136070
136134
136165
136210
136232
136321
136348
136357
136373
136384
136412
136458
136540
136550
136560
136603
136620
136628
136654
136675
136704
136718
136728
136731
136745
136772
136838
136934
136946
136951
136993
136995
137057
137077
137164
137182
137187
137204
137257
137262
137266
137269
137282
137294
137308
137318
137358
137365
137369
137375
137391
137397
137401
137410
137417
137433
137465
137501
137516
137553
137571
137594
137644
137662
137668
137701
137713
137720
137744
137774
137785
137896
137902
137935
137974
138014
138110
138122
138130
138165
138181
138191
138224
138227
138240
138276
138282
138289
138320
138360
138408
138516
138529
138564
138604
138648
138653
138686
138689
138745
138771
138810
138813
138816
138845
138878
138886
138901
138937
138938
138941
138965
138970
138988
139039
139043
139052
139073
139081
139133
139134
139145
139150
139162
139239
139253
139305
139316
139337
139338
139350
139405
139415
139421
139451
139454
139460
139472
139479
139488
139490
139503
139508
139551
139566
139646
139671
139674
139705
139790
139828
139829
139874
139891
139904
139907
139918
139955
139961
139973
139980
139996
139998
140007
140016
140023
140045
140066
140152
140181
140199
140239
140251
140252
140294
140311
140325
140326
140346
140347
140348
140350
140372
140374
140406
140427
140512
140521
140533
140569
140578
140619
140622
140627
140644
140645
140653
140656
140670
140677
140696
140749
140778
140780
140841
140846
140847
140922
140928
140947
140978
140980
140991
140995
141009
141022
141024
141063
141117
141118
141153
141168
141176
141195
141222
141223
141227
141240
141243
141247
141263
141268
141315
141328
141362
141395
141430
141436
141447
141455
141468
141470
141498
141524
141539
141556
141585
141591
141643
141659
141680
141699
141705
141708
141728
141734
141754
141756
141787
141815
141816
141822
141874
141927
141951
142030
142064
142076
142118
142170
142176
142196
142219
142243
142262
142279
142306
142309
142322
142416
142439
142441
142448
142476
142500
142503
142530
142534
142575
142580
142599
142600
142620
142631
142639
142649
142666
142670
142698
142707
142721
142738
142801
142830
142834
142840
142846
142912
142923
142966
142970
143005
143046
143080
143084
143090
143092
143108
143117
143122
143127
143176
143184
143235
143243
143309
143324
143328
143351
143367
143374
143379
143389
143390
143396
143406
143428
143438
143451
143494
143502
143600
143666
143699
143718
143724
143741
143759
143821
143842
143862
143899
143946
143953
143964
143975
144099
144101
144118
144124
144135
144146
144154
144165
144181
144216
144218
144236
144276
144332
144339
144419
144423
144426
144463
144515
144548
144582
144627
144631
144654
144688
144702
144709
144715
144757
144758
144777
144815
144880
144902
144921
144963
144973
144981
144988
144990
144996
145004
145007
145013
145040
145109
145114
145126
145127
145163
145186
145187
145191
145279
145293
145294
145347
145353
145367
145393
145411
145424
145449
145504
145620
145639
145643
145659
145662
145684
145722
145734
145736
145742
145760
145773
145779
145800
145815
145860
145903
145963
146011
146016
146021
146025
146036
146052
146072
146073
146079
146083
146096
146101
146119
146141
146164
146178
146179
146225
146244
146262
146267
146279
146336
146379
146420
146474
146525
146589
146679
146702
146722
146741
146743
146808
146811
146813
146846
146879
146971
146979
147035
147039
147051
147107
147117
147127
147137
147164
147196
147258
147268
147272
147314
147316
147333
147334
147341
147377
147381
147427
147435
147479
147483
147538
147544
147607
147637
147864
147872
147880
147905
147912
147939
147940
147955
147959
148056
148086
148098
148131
148158
148178
148190
148207
148214
148218
148275
148308
148357
148370
148391
148404
148411
148412
148413
148426
148441
148454
148483
148511
148529
148538
148577
148581
148596
148603
148606
148629
148639
148656
148699
148717
148721
148749
148811
148839
148851
148855
148866
148881
148908
148910
148981
149007
149025
149066
149073
149102
149135
149338
149350
149390
149471
149519
149544
149571
149618
149626
149634
149639
149675
149727
149729
149744
149750
149782
149814
149817
149825
149861
149875
149876
149887
149891
149934
149953
149967
149971
149982
150017
150071
150076
150104
150119
150127
150146
150187
150196
150228
150232
150236
150286
150325
150327
150357
150366
150388
150406
150413
150418
150458
150464
150504
150517
150540
150594
150612
150624
150664
150693
150711
150723
150724
150727
150731
150803
150804
150819
150828
150831
150852
150854
150859
150864
150949
150986
151000
151017
151038
151045
151096
151101
151115
151135
151139
151187
151215
151287
151303
151336
151342
151343
151371
151385
151446
151492
151505
151552
151591
151632
151635
151644
151663
151678
151682
151685
151686
151697
151698
151723
151761
151789
151801
151907
151931
151956
151967
151978
152021
152027
152097
152111
152136
152208
152216
152226
152230
152237
152247
152263
152285
152294
152311
152313
152314
152331
152361
152366
152384
152391
152419
152431
152435
152445
152492
152511
152539
152555
152556
152557
152583
152621
152636
152743
152778
152780
152786
152791
152796
152807
152811
152812
152837
152839
152842
152866
152970
153130
153151
153169
153193
153201
153211
153221
153232
153240
153286
153297
153300
153322
153333
153407
153447
153465
153505
153536
153570
153603
153607
153615
153646
153651
153718
153741
153751
153783
153810
153818
153822
153868
153903
153904
153970
153994
154008
154031
154065
154078
154082
154141
154172
154182
154199
154205
154221
154253
154259
154290
154296
154297
154335
154345
154368
154388
154404
154414
154425
154440
154458
154460
154501
154511
154525
154539
154585
154627
154634
154640
154648
154655
154680
154684
154705
154707
154721
154768
154826
154829
154839
154843
154845
154863
154870
154932
154944
154948
154950
154987
155019
155046
155062
155068
155086
155103
155104
155107
155129
155131
155157
155165
155166
155178
155191
155239
155275
155321
155325
155334
155343
155355
155366
155398
155411
155457
155496
155503
155516
155523
155602
155606
155609
155675
155678
155679
155726
155734
155742
155745
155778
155791
155795
155798
155828
155852
155889
155930
155970
155988
155989
155998
156002
156014
156024
156060
156070
156072
156077
156087
156088
156151
156156
156170
156180
156237
156303
156327
156355
156372
156379
156422
156428
156465
156511
156527
156586
156590
156626
156648
156650
156654
156688
156747
156762
156770
156781
156831
156870
156920
156925
156930
156934
156959
157036
157041
157087
157109
157144
157165
157203
157213
157225
157256
157260
157319
157362
157374
157398
157419
157424
157426
157479
157485
157495
157515
157548
157553
157558
157559
157573
157577
157586
157589
157602
157618
157667
157694
157704
157706
157811
157834
157877
157880
157881
157891
157893
157898
157901
157983
157992
158010
158039
158050
158082
158097
158103
158148
158155
158163
158169
158254
158291
158293
158304
158320
158346
158362
158376
158403
158411
158413
158414
158424
158426
158434
158440
158445
158448
158479
158493
158512
158562
158566
158568
158577
158610
158618
158639
158644
158646
158650
158651
158657
158706
158727
158763
158773
158778
158839
158874
158910
158923
158929
158951
159005
159015
159024
159026
159034
159038
159041
159049
159063
159075
159112
159136
159138
159148
159163
159165
159177
159191
159217
159233
159261
159291
159315
159351
159424
159431
159436
159445
159479
159532
159552
159561
159568
159586
159593
159612
159614
159620
159642
159649
159660
159754
159767
159807
159838
159843
159871
159874
159891
159908
159935
159942
159943
159959
160007
160026
160027
160043
160058
160068
160089
160110
160150
160164
160174
160252
160264
160287
160288
160326
160376
160388
160417
160426
160445
160543
160551
160580
160587
160593
160610
160675
160680
160718
160723
160746
160764
160799
160802
160837
160839
160843
160849
160858
160865
160874
160892
160908
160914
160919
160921
160927
160942
160943
160968
160985
160987
160989
160998
161000
161044
161054
161059
161063
161070
161104
161116
161136
161144
161165
161194
161202
161234
161239
161249
161252
161272
161281
161290
161307
161312
161320
161339
161340
161349
161357
161364
161373
161390
161405
161414
161416
161446
161496
161501
161538
161539
161540
161547
161559
161603
161613
161631
161687
161698
161736
161801
161814
161843
161846
161866
161959
161994
162009
162019
162037
162124
162130
162136
162169
162194
162216
162242
162303
162350
162399
162408
162412
162435
162445
162448
162451
162453
162456
162477
162494
162497
162504
162505
162519
162526
162538
162540
162545
162557
162558
162564
162590
162598
162600
162607
162644
162715
162719
162742
162758
162788
162811
162877
162891
162902
162908
162947
162951
162964
162967
162983
162987
162991
163017
163026
163049
163052
163055
163081
163110
163128
163131
163163
163186
163226
163251
163252
163272
163319
163340
163344
163359
163386
163409
163492
163495
163519
163522
163537
163544
163547
163549
163568
163589
163631
163643
163675
163687
163779
163792
163808
163838
163839
163865
163879
163915
163931
163943
163950
164003
164051
164073
164076
164097
164125
164148
164161
164176
164178
164205
164257
164264
164280
164282
164295
164299
164338
164357
164367
164372
164451
164461
164525
164535
164557
164564
164580
164588
164626
164725
164728
164754
164769
164779
164811
164826
164868
164908
164909
164920
164926
164928
164984
164989
165007
165010
165024
165051
165052
165132
165134
165135
165146
165156
165279
165296
165308
165319
165367
165369
165374
165380
165392
165439
165443
165479
165551
165572
165659
165779
165800
165855
165892
165897
165898
165903
165905
165931
165952
165972
165985
165992
166051
166093
166098
166125
166129
166138
166142
166150
166156
166172
166178
166204
166288
166292
166320
166401
166447
166470
166477
166481
166500
166511
166551
166554
166567
166609
166638
166678
166692
166707
166730
166751
166777
166807
166819
166825
166829
166866
166872
166970
166973
167028
167091
167098
167154
167157
167161
167185
167267
167289
167311
167331
167370
167383
167386
167412
167424
167458
167483
167498
167517
167548
167669
167717
167722
167727
167755
167772
167782
167797
167877
167960
168072
168087
168096
168103
168116
168143
168191
168239
168243
168270
168276
168297
168312
168340
168346
168362
168368
168369
168384
168394
168396
168472
168502
168504
168510
168531
168598
168666
168675
168702
168705
168707
168768
168803
168805
168831
168846
168866
168887
168898
168903
168918
168933
169005
169029
169052
169086
169090
169094
169100
169118
169127
169128
169146
169148
169165
169182
169230
169250
169302
169314
169331
169357
169391
169399
169485
169488
169521
169565
169569
169610
169657
169658
169690
169691
169699
169706
169738
169758
169799
169803
169947
169955
169956
169960
169976
169986
170002
170008
170038
170047
170057
170071
170077
170084
170142
170150
170160
170180
170245
170252
170269
170270
170314
170319
170337
170377
170410
170415
170438
170465
170517
170533
170538
170543
170562
170582
170584
170593
170602
170612
170695
170722
170731
170778
170804
170867
170877
170928
170976
170993
171019
171041
171047
171053
171056
171090
171099
171111
171114
171119
171129
171145
171153
171168
171178
171196
171203
171207
171213
171214
171239
171248
171264
171266
171359
171416
171472
171500
171501
171558
171566
171590
171597
171603
171650
171681
171697
171711
171714
171725
171726
171728
171736
171747
171768
171769
171800
171803
171809
171840
171887
171915
171919
171948
171952
171953
171954
171958
172014
172046
172071
172106
172112
172113
172161
172171
172185
172188
172189
172198
172224
172244
172273
172281
172302
172326
172388
172414
172428
172464
172483
172497
172534
172569
172589
172604
172610
172613
172636
172657
172660
172664
172688
172692
172699
172707
172712
172726
172727
172758
172768
172792
172793
172813
172842
172878
172880
172888
172933
172967
172989
172995
173000
173012
173036
173040
173051
173088
173130
173144
173169
173174
173182
173197
173207
173235
173249
173255
173268
173314
173327
173332
173356
173376
173381
173387
173394
173417
173438
173455
173470
173490
173532
173540
173679
173728
173750
173769
173874
173903
173909
173913
173946
173952
173955
173965
173968
173974
173981
173996
174003
174018
174091
174094
174099
174132
174135
174138
174143
174204
174240
174247
174256
174276
174324
174326
174340
174369
174384
174410
174414
174457
174465
174472
174522
174538
174540
174549
174566
174614
174624
174653
174689
174690
174708
174722
174723
174742
174749
174774
174787
174812
174820
174836
174886
174902
174914
174932
174950
174956
174975
175001
175007
175056
175066
175150
175152
175203
175209
175220
175241
175243
175350
175361
175382
175455
175471
175472
175478
175486
175513
175531
175574
175575
175582
175599
175641
175653
175662
175690
175738
175749
175753
175787
175795
175819
175843
175855
175889
175930
175937
175974
176021
176065
176090
176112
176130
176138
176142
176145
176161
176203
176214
176245
176276
176291
176305
176313
176317
176326
176358
176390
176392
176401
176410
176422
176443
176450
176458
176578
176601
176606
176610
176619
176654
176674
176691
176699
176731
176737
176785
176804
176824
176868
176869
176872
176889
176925
176984
176991
176999
177041
177042
177054
177068
177080
177156
177258
177266
177299
177318
177326
177332
177341
177398
177448
177469
177475
177553
177564
177583
177589
177603
177618
177702
177719
177729
177741
177747
177810
177817
177819
177852
177897
177926
177959
177986
177991
178043
178084
178086
178088
178119
178141
178144
178149
178151
178209
178241
178262
178275
178280
178348
178400
178404
178416
178437
178462
178481
178525
178541
178550
178560
178598
178611
178672
178676
178684
178703
178734
178755
178769
178771
178772
178781
178784
178811
178813
178829
178851
178856
178878
178918
178946
178967
178975
178999
179010
179030
179040
179117
179132
179150
179196
179210
179220
179230
179263
179269
179285
179294
179295
179324
179344
179351
179358
179361
179378
179381
179405
179427
179461
179466
179474
179477
179493
179530
179554
179564
179587
179588
179607
179652
179677
179711
179712
179717
179724
179728
179742
179835
179844
179848
179861
179897
179906
179924
179953
180036
180041
180060
180068
180072
180148
180184
180188
180195
180241
180245
180258
180311
180324
180342
180366
180370
180415
180500
180503
180505
180519
180520
180521
180530
180536
180554
180570
180602
180608
180615
180655
180671
180683
180696
180717
180727
180736
180742
180744
180763
180776
180798
180822
180854
180879
180894
180905
180940
180948
180961
180965
180979
180990
181020
181038
181056
181096
181114
181176
181187
181192
181203
181212
181235
181317
181320
181330
181406
181422
181432
181433
181452
181476
181515
181529
181536
181569
181611
181615
181647
181657
181708
181711
181789
181847
181866
181878
181898
181929
181938
181945
181957
181983
181986
182037
182092
182101
182109
182169
182198
182200
182206
182263
182286
182292
182338
182340
182368
182397
182423
182436
182441
182456
182505
182531
182545
182553
182564
182582
182586
182591
182598
182679
182680
182688
182721
182780
182802
182811
182815
182838
182914
182926
182928
182930
182935
182962
182969
182975
183023
183046
183055
183173
183184
183214
183225
183242
183255
183273
183301
183363
183370
183402
183404
183450
183455
183485
183510
183560
183582
183615
183637
183649
183662
183667
183707
183759
183792
183801
183806
183827
183835
183905
183915
183945
183974
183999
184035
184054
184056
184094
184105
184106
184123
184200
184203
184218
184227
184314
184318
184328
184366
184385
184439
184446
184457
184461
184468
184509
184526
184538
184580
184612
184615
184633
184649
184651
184673
184682
184734
184754
184766
184825
184869
184893
184901
184914
184955
185023
185071
185086
185185
185271
185278
185315
185346
185395
185408
185409
185444
185475
185497
185507
185525
185568
185573
185611
185665
185671
185673
185675
185693
185699
185729
185775
185788
185794
185841
185844
185893
185898
185907
185910
185926
185953
185955
185959
185965
185972
185992
186006
186028
186042
186049
186060
186083
186098
186109
186117
186121
186136
186181
186202
186250
186270
186271
186273
186301
186311
186341
186363
186457
186464
186477
186504
186505
186543
186586
186601
186622
186628
186631
186665
186689
186720
186741
186743
186745
186748
186750
186773
186778
186829
186840
186843
186851
186870
186887
186927
186966
186972
187004
187010
187046
187047
187100
187103
187119
187142
187180
187186
187200
187274
187278
187332
187378
187398
187427
187455
187484
187564
187590
187605
187621
187656
187683
187689
187714
187722
187725
187778
187801
187840
187857
187883
187894
187940
187941
187956
188014
188084
188086
188111
188120
188124
188125
188130
188143
188185
188187
188277
188292
188321
188323
188434
188492
188496
188499
188525
188568
188668
188673
188745
188747
188771
188854
188864
188870
188874
188904
188918
188932
188937
188994
189000
189024
189044
189063
189090
189108
189134
189147
189155
189210
189211
189244
189256
189257
189263
189306
189336
189348
189352
189364
189375
189392
189412
189416
189503
189519
189539
189546
189567
189595
189619
189624
189648
189658
189667
189696
189700
189753
189762
189764
189782
189783
189785
189786
189814
189919
189976
189997
190007
190019
190044
190070
190188
190194
190218
190246
190306
190398
190417
190439
190486
190495
190533
190574
190605
190632
190640
190659
190669
190677
190696
190718
190720
190730
190733
190754
190762
190774
190799
190801
190806
190824
190840
190854
190894
190896
190902
190915
190978
191014
191076
191088
191097
191113
191123
191176
191180
191204
191205
191215
191230
191232
191272
191320
191324
191363
191379
191388
191435
191454
191468
191493
191504
191505
191517
191523
191526
191528
191553
191583
191604
191652
191663
191668
191692
191720
191760
191787
191834
191849
191929
191963
191967
191977
191987
191988
192025
192048
192050
192061
192063
192102
192150
192206
192215
192216
192294
192296
192297
192313
192334
192351
192355
192368
192379
192411
192421
192512
192523
192525
192565
192604
192607
192608
192616
192634
192638
192693
192718
192748
192768
192798
192805
192813
192814
192843
192913
192924
192953
192986
192997
192998
193100
193255
193271
193291
193316
193322
193324
193363
193389
193395
193475
193546
193592
193604
193677
193712
193741
193757
193759
193780
193785
193905
193910
193976
193988
194032
194065
194112
194140
194144
194188
194225
194244
194266
194305
194324
194370
194403
194405
194421
194465
194480
194521
194530
194535
194626
194633
194636
194648
194675
194677
194729
194752
194794
194824
194862
194899
194901
194925
194935
194951
194977
194985
194989
195061
195070
195078
195091
195100
195171
195189
195210
195211
195256
195278
195291
195302
195326
195356
195383
195393
195415
195422
195440
195447
195448
195507
195558
195586
195641
195651
195662
195684
195720
195735
195737
195750
195787
195790
195807
195850
195856
195887
195889
195903
195949
195964
196025
196041
196045
196053
196082
196110
196153
196154
196155
196177
196187
196193
196205
196228
196232
196263
196268
196289
196296
196397
196398
196443
196466
196467
196522
196533
196551
196583
196598
196617
196624
196627
196629
196674
196684
196710
196731
196820
196867
196890
196916
196924
196951
196964
197041
197055
197080
197087
197109
197111
197113
197119
197132
197170
197196
197232
197245
197247
197273
197311
197326
197339
197344
197349
197351
197354
197385
197452
197454
197474
197484
197521
197526
197554
197560
197596
197614
197672
197722
197723
197738
197752
197764
197771
197781
197802
197804
197830
197857
197862
197864
197942
198023
198031
198073
198087
198117
198128
198130
198154
198159
198186
198188
198230
198232
198241
198243
198262
198280
198300
198335
198354
198367
198448
198474
198497
198502
198504
198508
198555
198569
198574
198610
198616
198655
198682
198695
198697
198763
198765
198786
198788
198809
198830
198930
198957
198963
198985
199031
199041
199043
199045
199072
199079
199091
199123
199125
199178
199189
199216
199297
199302
199416
199452
199462
199474
199492
199494
199533
199541
199570
199585
199590
199596
199597
199600
199628
199677
199737
199747
199760
199778
199837
199845
199863
199878
199897
199937
199948
199990
200009
200017
200053
200067
200079
200160
200161
200189
200206
200209
200216
200225
200232
200281
200322
200335
200406
200415
200419
200421
200475
200587
200590
200592
200596
200604
200628
200644
200649
200678
200694
200695
200745
200779
200784
200809
200838
200848
200851
200869
200916
200968
200970
200978
201021
201124
201130
201147
201162
201181
201185
201204
201221
201236
201258
201267
201295
201329
201347
201357
201459
201472
201494
201501
201523
201525
201553
201556
201584
201585
201614
201626
201652
201654
201659
201677
201716
201724
201738
201766
201799
201846
201890
201934
201959
201974
201976
202010
202042
202068
202079
202081
202095
202097
202108
202157
202167
202191
202193
202259
202286
202369
202371
202377
202384
202391
202397
202403
202474
202511
202514
202515
202520
202535
202545
202546
202553
202574
202608
202640
202659
202670
202686
202690
202706
202756
202763
202780
202786
202803
202808
202810
202820
202827
202835
202841
202843
202851
202865
202907
202918
202921
202950
202952
202953
202961
202973
203018
203021
203077
203083
203097
203105
203112
203144
203169
203174
203185
203186
203245
203286
203287
203336
203349
203358
203382
203394
203395
203398
203437
203444
203446
203452
203455
203460
203604
203624
203625
203661
203673
203689
203698
203720
203728
203746
203813
203816
203844
203887
203889
203991
204012
204082
204086
204093
204163
204256
204270
204289
204313
204314
204333
204342
204373
204392
204405
204408
204436
204444
204469
204487
204517
204534
204555
204560
204588
204616
204629
204636
204643
204651
204658
204698
204741
204742
204753
204775
204782
204802
204810
204817
204829
204862
204871
204919
204928
204986
205005
205035
205043
205053
205106
205108
205131
205207
205224
205237
205251
205268
205318
205326
205332
205356
205370
205371
205380
205404
205481
205486
205491
205511
205528
205562
205574
205584
205589
205597
205604
205618
205624
205665
205679
205690
205701
205702
205707
205711
205725
205762
205791
205811
205836
205865
205910
205927
205937
205941
205984
205990
206052
206056
206129
206191
206204
206208
206209
206268
206270
206292
206310
206372
206405
206409
206418
206424
206463
206479
206521
206524
206528
206535
206574
206637
206639
206657
206667
206669
206671
206699
206703
206717
206737
206739
206769
206791
206816
206832
206861
206872
206926
206970
206976
207089
207090
207108
207120
207162
207166
207188
207191
207193
207195
207201
207209
207225
207232
207264
207275
207285
207298
207337
207340
207372
207399
207413
207452
207474
207486
207497
207528
207530
207531
207536
207555
207559
207566
207571
207617
207637
207641
207646
207659
207735
207737
207739
207745
207756
207781
207783
207795
207830
207855
207888
207914
207965
207979
207983
207986
208011
208095
208106
208111
208153
208190
208198
208235
208239
208370
208382
208441
208442
208475
208478
208515
208551
208569
208572
208590
208614
208616
208618
208634
208657
208714
208731
208757
208761
208803
208809
208815
208828
208831
208843
208869
208878
208887
208892
208930
208956
209048
209075
209089
209098
209119
209137
209211
209243
209257
209276
209294
209309
209370
209382
209441
209453
209508
209524
209533
209594
209626
209628
209675
209701
209758
209765
209782
209799
209813
209888
209910
209939
209967
209974
209985
209991
210052
210079
210090
210107
210148
210155
210260
210269
210309
210317
210333
210334
210347
210375
210384
210404
210420
210460
210474
210476
210480
210495
210526
210590
210593
210623
210686
210691
210703
210713
210741
210757
210777
210823
210848
210870
210893
210895
210900
210915
210923
210927
210955
210981
210983
210992
211016
211023
211036
211072
211086
211088
211124
211158
211167
211180
211184
211222
211229
211251
211290
211314
211332
211334
211375
211393
211398
211408
211461
211465
211473
211475
211506
211507
211528
211568
211572
211589
211598
211601
211611
211618
211643
211651
211668
211689
211693
211722
211776
211854
211876
211878
211880
212007
212022
212025
212040
212062
212157
212163
212167
212173
212268
212274
212287
212290
212358
212360
212414
212440
212479
212491
212501
212503
212534
212545
212569
212572
212579
212619
212652
212656
212670
212717
212721
212750
212754
212762
212774
212794
212823
212843
212849
212855
212859
212893
212938
212946
212964
212986
212999
213015
213060
213069
213142
213147
213184
213191
213201
213221
213226
213227
213230
213265
213268
213290
213309
213343
213387
213393
213412
213424
213429
213556
213616
213635
213667
213672
213684
213711
213765
213776
213779
213784
213800
213844
213849
213915
213963
213964
213973
214004
214015
214027
214031
214059
214075
214095
214103
214141
214170
214190
214239
214287
214304
214308
214310
214331
214342
214344
214358
214370
214408
214414
214436
214457
214464
214507
214520
214524
214545
214557
214576
214579
214597
214629
214645
214683
214687
214689
214750
214782
214805
214840
214843
214882
214896
214925
214948
214958
214964
214974
215025
215037
215095
215107
215116
215118
215140
215149
215162
215174
215175
215186
215222
215260
215300
215342
215344
215355
215390
215403
215482
215493
215506
215508
215637
215657
215666
215679
215716
215727
215735
215751
215809
215892
215913
215973
215985
216000
216010
216011
216039
216064
216070
216100
216145
216149
216152
216169
216175
216199
216203
216205
216212
216239
216270
216282
216328
216403
216404
216408
216433
216476
216517
216552
216618
216683
216721
216756
216824
216827
216850
216927
216956
216996
217003
217033
217047
217101
217119
217196
217199
217202
217284
217285
217307
217332
217348
217386
217513
217554
217565
217570
217589
217597
217645
217655
217657
217662
217684
217687
217695
217701
217714
217722
217727
217810
217826
217858
217868
217870
217871
217910
217966
217981
218001
218008
218012
218013
218039
218102
218149
218160
218167
218205
218222
218270
218311
218337
218376
218430
218441
218458
218494
218566
218577
218658
218669
218687
218786
218799
218830
218836
218864
218883
218936
218963
218979
218993
219048
219070
219085
219112
219116
219135
219204
219280
219284
219326
219442
219498
219520
219544
219569
219570
219615
219630
219645
219662
219677
219722
219729
219737
219759
219769
219788
219792
219909
219918
219931
219950
220052
220062
220076
220079
220126
220149
220150
220210
220224
220241
220270
220285
220290
220312
220313
220336
220345
220347
220402
220417
220430
220432
220456
220485
220503
220513
220539
220671
220672
220676
220686
220688
220694
220715
220724
220738
220746
220793
220798
220807
220838
